,university_id,infrastructure_id,playground,library,connectivity_nkn,laboratory,indoor_stadium,cafeteria,computer_center,campus_friendly,infra_count
0,553,377269,1,1,1,1,1,1,1,1,8
1,72,375250,1,1,1,1,1,1,1,1,8
3,37,377263,1,1,1,1,1,1,1,1,8
4,35,380943,1,1,1,1,1,1,1,1,8
8,467,375392,1,1,1,1,1,1,1,1,8
5,350,367555,1,1,1,1,0,1,1,1,7
6,17,368025,1,1,1,1,0,1,1,1,7
10,503,381103,1,1,1,1,0,1,1,1,7
11,179,364040,1,1,1,1,1,0,1,1,7
2,265,378273,1,1,0,0,1,1,1,1,6
7,109,373453,1,1,0,1,0,1,0,1,5
9,500,377425,0,0,0,0,0,0,0,0,0
12,331,374095,1,1,0,1,0,1,1,1,6
13,573,364070,1,1,1,0,1,1,1,1,7
14,153,347154,1,1,1,1,1,1,1,1,8
16,404,360932,1,1,1,1,1,1,1,1,8
19,277,379873,1,1,1,1,1,1,1,1,8
20,308,347948,1,1,0,1,0,1,1,1,6
22,224,340561,1,1,1,1,1,1,1,1,8
23,42,364230,1,1,1,1,1,0,1,1,7
24,30,372333,1,1,0,0,1,1,1,1,6
25,330,371040,1,1,1,1,0,1,1,1,7
26,575,366213,1,1,1,1,0,1,1,1,7
27,220,377084,1,1,1,1,1,1,1,1,8
28,435,356666,1,1,1,1,1,1,1,1,8
29,478,357084,1,1,1,1,1,1,1,1,8
30,301,352487,1,1,1,1,1,1,1,1,8
31,6,364890,1,1,1,1,1,1,1,1,8
32,24,372407,1,1,1,1,1,1,1,1,8
33,323,337949,1,1,1,1,1,1,1,1,8
35,319,373847,1,1,1,1,1,1,1,1,8
34,111,373323,1,1,1,0,0,1,1,1,6
48,243,375760,1,1,0,1,1,1,1,1,7
50,329,367453,1,1,0,1,1,1,1,1,7
51,20,374102,1,1,1,1,1,1,1,1,8
52,473,365413,1,1,0,1,1,1,1,1,7
56,476,372394,1,1,1,1,1,1,1,1,8
61,11,377504,1,1,1,1,1,1,1,1,8
64,366,355954,1,1,1,1,1,1,1,1,8
58,295,345620,1,1,1,1,0,1,1,1,7
60,304,348808,1,1,1,0,1,1,1,1,7
63,154,348163,1,1,1,0,1,1,1,1,7
62,102,377311,1,1,0,0,0,1,1,0,4
57,292,351641,0,0,0,0,0,0,0,0,0
66,164,376055,1,1,1,1,1,1,1,1,8
65,27,360366,1,1,0,1,1,1,1,1,7
69,195,373552,1,1,1,1,1,1,1,1,8
70,376,377220,1,1,1,1,1,1,1,1,8
67,101,379514,1,1,1,1,0,1,1,1,7
74,267,354834,1,1,1,1,1,1,1,1,8
72,276,378104,1,1,1,1,1,1,1,0,7
71,413,363247,1,1,0,0,1,0,1,1,5
75,537,373422,1,1,0,1,1,0,1,0,5
73,115,371831,0,0,0,0,0,0,0,0,0
76,485,369957,1,1,1,1,1,1,1,1,8
77,356,378250,1,1,1,1,1,1,1,1,8
78,235,359921,1,1,1,1,1,1,1,1,8
79,222,368925,1,1,1,1,1,1,1,1,8
86,391,377994,1,1,1,1,1,1,1,1,8
87,12,366984,1,1,0,1,1,1,1,1,7
90,490,374724,1,1,1,1,1,1,1,1,8
88,379,378077,1,1,0,1,1,1,1,1,7
91,321,351193,1,1,1,1,1,1,1,1,8
92,436,370031,1,1,1,1,1,1,1,1,8
93,375,374534,1,1,1,1,1,1,1,1,8
94,78,373015,1,1,1,1,1,1,1,1,8
95,363,377778,1,1,1,1,1,1,1,1,8
99,103,366277,0,0,1,0,0,1,1,1,4
21,308,347948,1,1,0,1,0,1,1,1,6
104,225,363143,1,1,1,1,1,1,1,1,8
105,358,351394,1,1,1,0,0,1,1,1,6
106,386,360756,1,1,0,1,0,1,1,1,6
107,223,362179,1,1,1,1,1,1,1,1,8
108,461,347048,1,1,1,1,1,1,1,1,8
110,234,363968,1,1,1,1,1,1,1,1,8
109,454,369141,1,1,0,1,1,1,1,1,7
111,133,347563,1,1,1,1,1,1,1,1,8
112,120,380360,1,1,1,1,1,1,1,1,8
113,162,374329,1,1,1,1,1,1,1,1,8
114,497,378355,1,1,1,1,0,1,1,1,7
124,446,353543,1,1,1,1,1,1,1,1,8
132,173,361478,1,1,0,1,1,1,1,1,7
123,852,354322,1,1,0,1,0,1,0,1,5
133,217,369416,1,1,1,1,1,1,1,1,8
135,148,347827,1,1,1,1,1,1,1,1,8
136,56,377891,1,1,1,1,1,1,1,1,8
134,383,377161,1,1,0,1,1,1,1,1,7
137,262,373546,1,1,0,1,0,1,0,1,5
138,555,367604,1,1,1,1,1,1,1,1,8
139,189,363386,1,1,1,1,1,1,1,1,8
140,422,372021,1,1,1,1,1,1,1,1,8
142,443,358256,1,1,1,1,1,1,1,1,8
141,183,377322,1,1,1,1,0,1,1,1,7
80,222,368925,1,1,1,1,1,1,1,1,8
81,222,368925,1,1,1,1,1,1,1,1,8
150,389,373865,1,1,1,1,1,1,1,1,8
158,341,379201,1,1,1,1,1,1,1,1,8
159,294,350441,1,1,1,1,1,1,1,1,8
162,453,373088,1,1,1,1,1,1,1,1,8
168,570,368554,1,1,1,1,1,1,1,1,8
143,311,359861,1,1,1,0,1,1,1,1,7
163,715,376079,1,1,1,0,1,1,1,1,7
149,481,369241,0,0,1,1,0,1,1,1,5
169,98,374156,1,1,1,1,1,1,1,1,8
174,146,334205,1,1,0,1,1,1,1,1,7
175,227,367714,1,1,0,0,0,1,1,1,5
177,489,355356,1,1,1,1,1,1,1,1,8
176,322,350063,1,1,0,0,1,1,1,1,6
179,215,358538,1,1,1,1,1,1,1,1,8
180,51,348534,1,1,1,1,1,1,1,1,8
181,296,350372,1,1,1,1,1,1,1,1,8
182,143,354677,1,1,1,1,1,1,1,1,8
183,325,351194,1,1,1,1,1,1,1,1,8
184,80,370154,1,1,1,1,1,1,1,1,8
202,405,366307,1,1,1,1,1,1,1,1,8
206,107,378230,1,1,1,1,1,1,1,1,8
203,593,339155,1,1,1,1,0,1,1,1,7
204,450,343613,1,1,1,1,0,1,1,1,7
205,63,367804,1,1,1,0,0,1,1,1,6
207,230,358669,1,1,0,1,1,1,1,0,6
208,536,359009,1,1,1,1,1,1,1,1,8
210,250,363952,1,1,1,1,1,1,1,1,8
212,507,371873,1,1,1,1,1,1,1,1,8
211,369,367506,1,1,1,1,0,1,1,1,7
213,385,366856,0,0,0,0,0,0,0,0,0
217,361,373101,1,1,1,1,1,1,1,1,8
218,556,375460,1,1,1,1,1,1,1,1,8
219,251,374692,1,1,1,1,1,1,1,1,8
216,464,355108,1,1,0,1,1,0,1,1,6
221,345,373026,1,1,1,1,1,1,1,1,8
222,357,374256,1,1,1,1,1,1,1,1,8
220,576,362004,1,1,0,1,0,1,1,1,6
228,130,362205,1,1,1,1,1,1,1,1,8
229,400,356463,1,1,1,1,1,1,1,1,8
230,458,354732,1,1,1,1,1,1,1,1,8
237,447,350925,1,1,1,1,1,1,1,1,8
238,320,364672,1,1,1,1,1,1,1,1,8
242,34,350762,1,1,1,1,1,1,1,1,8
223,557,360582,1,1,1,1,1,1,1,0,7
224,239,365697,1,1,1,1,0,1,1,1,7
226,88,347150,1,1,1,0,0,1,1,1,6
227,569,368697,1,1,0,1,1,0,1,1,6
239,196,376796,1,1,0,1,0,1,1,1,6
240,128,349715,1,1,1,0,1,1,0,1,6
225,370,366605,0,0,0,0,0,0,0,0,0
249,427,372255,1,1,1,1,1,1,1,1,8
250,444,354841,1,1,1,1,1,1,1,1,8
244,134,347192,1,1,1,1,0,1,1,1,7
245,451,355418,1,1,0,1,1,1,1,1,7
248,581,363116,1,1,1,1,0,1,1,1,7
246,353,343499,1,1,0,1,0,1,1,1,6
243,158,371211,0,0,1,1,0,1,1,1,5
247,62,370424,0,0,1,1,0,1,1,1,5
253,474,364025,1,1,1,1,1,1,1,1,8
254,270,372257,1,1,1,1,1,1,1,1,8
255,108,365907,1,1,1,1,1,1,1,1,8
256,233,368688,1,1,1,1,1,1,1,1,8
257,23,367876,1,1,1,1,1,1,1,1,8
251,121,351411,1,1,1,1,1,0,1,1,7
252,253,371237,1,1,1,1,0,1,1,1,7
258,221,345060,1,1,1,1,1,1,1,1,8
259,543,377018,1,1,1,1,1,1,1,1,8
262,463,373217,1,1,1,1,1,1,1,1,8
265,477,354101,1,1,1,1,1,1,1,1,8
261,3,346996,1,1,0,1,1,1,1,1,7
260,445,373487,1,1,0,1,0,1,1,1,6
264,174,378649,1,1,1,1,0,1,1,0,6
263,332,350512,1,1,0,1,1,0,1,0,5
231,458,354732,1,1,1,1,1,1,1,1,8
266,298,353303,1,1,1,1,1,1,1,1,8
267,324,350162,1,1,0,1,1,1,1,1,7
268,303,338782,1,1,1,0,0,1,1,1,6
269,317,349694,1,1,1,0,0,1,0,1,5
185,80,370154,1,1,1,1,1,1,1,1,8
272,328,341352,1,1,1,1,1,1,1,1,8
274,468,376348,1,1,1,1,1,1,1,1,8
275,168,372903,1,1,1,1,1,1,1,1,8
276,275,347305,1,1,1,1,1,1,1,1,8
271,175,366231,1,1,1,1,1,1,1,0,7
273,232,373013,1,1,0,1,1,1,1,1,7
277,372,366210,1,1,1,1,0,1,1,1,7
241,128,349715,1,1,1,0,1,1,0,1,6
270,314,352811,1,1,0,0,0,1,1,1,5
232,458,354732,1,1,1,1,1,1,1,1,8
186,80,370154,1,1,1,1,1,1,1,1,8
278,151,373467,1,1,0,1,1,1,1,1,7
279,14,366283,1,1,1,1,0,1,1,1,7
280,169,354112,1,1,0,1,1,1,1,1,7
281,99,371978,1,1,1,1,0,1,1,1,7
282,579,363099,1,1,0,1,1,1,1,1,7
285,52,348777,1,1,1,1,1,1,1,1,8
286,282,359616,1,1,1,1,1,1,1,1,8
287,260,370113,1,1,1,1,1,1,1,1,8
288,105,374739,1,1,1,1,1,1,1,1,8
291,402,381199,1,1,1,1,1,1,1,1,8
284,580,345487,1,1,1,1,0,1,1,1,7
290,271,378827,1,1,1,1,0,1,1,1,7
283,562,369970,1,1,1,1,0,1,1,0,6
233,458,354732,1,1,1,1,1,1,1,1,8
292,167,371292,1,1,1,1,1,1,1,1,8
294,337,363584,1,1,1,1,1,1,1,1,8
295,291,362798,1,1,1,1,1,1,1,1,8
293,106,378812,1,1,1,1,0,1,1,1,7
15,153,347154,1,1,1,1,1,1,1,1,8
151,389,373865,1,1,1,1,1,1,1,1,8
296,475,371445,1,1,1,1,1,1,1,1,8
299,43,377102,1,1,1,1,1,1,1,1,8
304,161,370765,1,1,1,1,1,1,1,1,8
301,513,343261,1,1,1,1,0,1,1,1,7
302,354,348660,1,1,0,1,1,1,1,1,7
298,138,339699,1,1,0,1,0,1,1,1,6
300,93,346876,1,1,0,1,1,1,1,0,6
305,226,372747,1,1,0,0,1,1,1,1,6
306,97,379374,1,1,1,1,0,1,1,0,6
170,98,374156,1,1,1,1,1,1,1,1,8
307,392,373225,1,1,1,1,1,1,1,1,8
311,137,361033,1,1,1,1,1,1,1,1,8
308,498,381177,1,1,1,1,0,1,1,1,7
309,242,361073,1,1,0,1,1,1,1,1,7
310,117,363913,1,1,1,1,0,1,1,1,7
315,462,365803,1,1,1,1,1,1,1,1,8
313,505,341508,1,1,0,1,1,1,1,1,7
312,362,376398,1,1,0,1,0,1,1,0,5
316,615,373240,0,0,1,1,0,1,1,1,5
314,364,377179,1,1,0,0,0,0,1,1,4
171,98,374156,1,1,1,1,1,1,1,1,8
317,471,354832,1,1,1,1,1,1,1,1,8
318,982,380584,1,1,0,1,0,0,0,0,3
187,80,370154,1,1,1,1,1,1,1,1,8
152,389,373865,1,1,1,1,1,1,1,1,8
319,486,362563,1,1,1,1,1,1,1,1,8
320,190,366176,1,1,0,1,1,1,1,1,7
321,50,363901,1,1,1,1,0,1,1,1,7
188,80,370154,1,1,1,1,1,1,1,1,8
322,219,363107,1,1,1,1,1,1,1,1,8
324,460,358361,1,1,1,1,1,1,1,1,8
323,315,346916,1,1,0,1,1,1,1,0,6
325,931,364906,1,1,1,1,1,1,1,1,8
172,98,374156,1,1,1,1,1,1,1,1,8
326,522,368590,1,1,1,1,1,1,1,1,8
327,466,354433,1,1,1,1,1,1,1,1,8
328,214,361358,1,1,1,1,1,1,1,1,8
234,458,354732,1,1,1,1,1,1,1,1,8
235,458,354732,1,1,1,1,1,1,1,1,8
330,588,351433,1,1,1,1,0,1,1,1,7
331,333,363987,1,1,0,1,1,1,1,1,7
332,631,369794,1,1,0,1,0,1,1,1,6
189,80,370154,1,1,1,1,1,1,1,1,8
333,255,366805,1,1,1,1,0,1,1,1,7
334,592,358395,1,1,0,1,0,0,0,1,4
335,92,365796,1,1,1,1,1,1,1,0,7
336,367,369395,1,1,1,1,1,1,1,1,8
337,297,353843,1,1,1,1,0,1,1,1,7
173,98,374156,1,1,1,1,1,1,1,1,8
236,458,354732,1,1,1,1,1,1,1,1,8
338,33,370282,1,1,1,1,1,1,1,1,8
339,136,349336,1,1,0,1,1,0,1,0,5
340,310,355804,0,0,1,0,0,1,1,1,4
190,80,370154,1,1,1,1,1,1,1,1,8
191,80,370154,1,1,1,1,1,1,1,1,8
341,119,340546,0,0,1,1,0,1,1,1,5
342,544,363830,1,1,1,1,1,1,1,1,8
343,193,375228,1,1,1,1,0,1,1,1,7
344,589,359745,1,1,1,1,0,1,1,0,6
17,404,360932,1,1,1,1,1,1,1,1,8
346,551,369369,1,1,1,1,0,1,1,1,7
347,216,369479,1,1,1,1,0,1,1,1,7
348,408,377813,1,1,1,1,0,1,1,1,7
349,290,381178,1,1,1,1,1,1,1,0,7
345,209,374193,1,1,0,1,0,0,1,1,5
351,564,372028,1,1,1,1,1,1,1,1,8
352,129,343815,1,1,1,1,1,1,1,1,8
350,509,371482,1,1,1,1,0,1,1,1,7
355,449,370643,1,1,1,1,1,1,0,1,7
356,178,363738,1,1,1,1,0,1,1,0,6
192,80,370154,1,1,1,1,1,1,1,1,8
358,212,367968,1,1,1,1,1,1,1,1,8
357,388,368720,1,1,1,1,0,1,1,1,7
359,91,366825,1,1,0,1,1,1,1,1,7
360,252,372553,1,1,1,1,0,1,1,1,7
361,394,371793,1,1,1,1,0,1,1,1,7
362,126,349238,1,1,1,1,0,1,1,1,7
364,316,370646,1,1,1,1,1,1,1,1,8
363,484,353299,1,1,1,1,0,1,1,1,7
365,307,376340,0,0,0,0,1,1,1,1,4
366,647,338774,1,1,1,1,1,1,1,1,8
367,116,371877,1,1,1,1,1,1,1,1,8
368,492,371497,1,1,0,1,1,1,1,1,7
193,80,370154,1,1,1,1,1,1,1,1,8
369,85,368784,1,1,1,1,0,1,1,1,7
370,163,365325,1,1,0,1,0,1,1,1,6
371,180,373328,1,1,1,1,1,1,1,1,8
372,289,377817,1,1,1,1,1,1,1,1,8
373,67,360777,1,1,1,0,1,1,0,0,5
374,524,381216,1,1,0,1,0,1,1,1,6
194,80,370154,1,1,1,1,1,1,1,1,8
195,80,370154,1,1,1,1,1,1,1,1,8
196,80,370154,1,1,1,1,1,1,1,1,8
375,15,365421,1,1,0,1,1,1,1,1,7
376,469,355387,1,1,1,1,1,1,1,1,8
377,186,361192,1,1,0,1,1,1,1,1,7
379,241,345902,1,1,0,1,1,1,1,1,7
380,519,365581,1,1,1,1,1,1,1,1,8
197,80,370154,1,1,1,1,1,1,1,1,8
18,404,360932,1,1,1,1,1,1,1,1,8
381,495,366211,1,1,1,1,0,1,1,1,7
198,80,370154,1,1,1,1,1,1,1,1,8
383,229,361255,1,1,1,1,1,1,1,1,8
382,327,345650,1,1,1,1,0,1,1,1,7
199,80,370154,1,1,1,1,1,1,1,1,8
384,84,368474,1,1,0,1,0,1,1,1,6
386,552,371446,1,1,1,1,1,1,1,1,8
387,45,363714,1,1,0,1,0,1,1,1,6
385,430,379816,0,0,0,1,0,1,0,0,2
388,352,373837,1,1,1,1,0,1,1,1,7
392,491,355471,1,1,1,1,1,1,1,1,8
389,384,377003,1,1,1,1,0,1,1,1,7
391,347,367257,1,1,1,1,0,1,1,1,7
393,550,377002,1,1,1,1,1,1,1,1,8
395,40,372847,1,1,1,1,0,1,1,1,7
394,29,355579,1,1,0,0,0,1,1,1,5
397,49,375477,1,1,1,1,1,1,1,1,8
398,539,380897,1,1,1,1,1,1,1,1,8
396,359,357651,1,1,0,1,0,1,1,1,6
399,525,358581,1,1,1,1,1,1,1,1,8
400,415,377517,1,1,1,1,1,1,1,1,8
401,514,372636,1,1,1,1,1,1,1,1,8
200,80,370154,1,1,1,1,1,1,1,1,8
201,80,370154,1,1,1,1,1,1,1,1,8
403,479,370105,1,1,1,1,1,1,1,1,8
303,354,348660,1,1,0,1,1,1,1,1,7
402,194,361636,1,1,1,1,0,1,1,1,7
404,269,371908,1,1,1,1,1,1,1,1,8
406,396,370963,1,1,1,1,1,1,1,1,8
407,399,343241,1,1,0,1,1,1,1,1,7
405,76,353863,1,1,0,1,1,0,1,1,6
408,465,363364,1,1,1,1,1,1,1,1,8
409,68,356112,1,1,0,1,1,1,1,0,6
410,31,365414,1,1,1,0,1,1,1,1,7
411,655,371094,1,1,0,1,0,1,1,1,6
413,166,380495,1,1,1,1,1,1,1,1,8
412,434,355123,1,1,1,1,0,1,1,1,7
414,541,370261,1,1,1,1,0,1,1,1,7
417,47,378396,1,1,1,1,0,1,1,1,7
418,268,379046,1,1,1,1,1,1,1,0,7
419,398,377717,1,1,1,1,1,1,1,1,8
421,299,339259,1,1,1,1,0,1,1,0,6
422,431,376838,1,1,1,1,1,1,1,0,7
423,515,372841,0,0,0,0,0,0,0,0,0
424,656,381147,1,1,0,1,1,1,1,1,7
425,22,367427,1,1,1,1,0,1,1,1,7
426,648,378966,1,1,0,1,1,1,1,1,7
427,28,362340,1,1,1,1,1,0,1,1,7
428,571,363803,1,1,1,1,0,1,1,1,7
429,401,366922,1,1,1,1,1,1,1,1,8
430,58,368128,1,1,1,1,1,1,1,1,8
431,244,375708,1,1,0,1,0,1,1,1,6
432,488,346247,1,1,0,1,1,1,1,1,7
433,10,345853,0,0,1,1,0,1,1,1,5
434,256,365906,1,1,1,1,1,1,1,1,8
435,741,366125,1,1,0,1,1,1,1,1,7
436,188,367380,1,1,0,1,1,1,1,1,7
437,182,350363,1,1,0,1,1,1,1,1,7
438,659,359328,1,1,0,1,0,1,1,1,6
441,160,375221,1,1,1,1,1,1,1,0,7
442,387,375462,1,1,1,1,1,1,1,1,8
443,459,370147,1,1,1,1,1,1,1,1,8
444,521,359347,1,1,0,1,1,1,1,1,7
445,218,360606,1,1,0,1,0,1,1,1,6
446,411,366830,1,1,1,1,1,1,1,1,8
447,641,341451,1,1,0,1,0,1,1,1,6
448,762,370936,1,1,0,1,0,1,1,0,5
449,565,352453,1,1,1,1,0,1,1,1,7
450,280,366070,1,1,1,1,0,1,1,1,7
451,69,374732,1,1,1,1,0,1,1,1,7
452,417,367020,1,1,1,1,1,1,1,1,8
453,740,377535,1,1,0,1,0,1,1,1,6
153,389,373865,1,1,1,1,1,1,1,1,8
465,124,351299,1,1,0,1,0,1,1,1,6
466,210,370550,0,0,0,1,0,1,1,1,4
467,206,353868,0,0,0,1,0,1,0,0,2
468,527,377392,1,1,1,1,1,1,1,0,7
469,532,371851,1,1,1,1,1,1,1,1,8
378,186,361192,1,1,0,1,1,1,1,1,7
470,279,380346,1,1,1,0,0,1,1,0,5
439,659,359328,1,1,0,1,0,1,1,1,6
297,475,371445,1,1,1,1,1,1,1,1,8
36,319,373847,1,1,1,1,1,1,1,1,8
37,319,373847,1,1,1,1,1,1,1,1,8
38,319,373847,1,1,1,1,1,1,1,1,8
39,319,373847,1,1,1,1,1,1,1,1,8
40,319,373847,1,1,1,1,1,1,1,1,8
41,319,373847,1,1,1,1,1,1,1,1,8
42,319,373847,1,1,1,1,1,1,1,1,8
43,319,373847,1,1,1,1,1,1,1,1,8
44,319,373847,1,1,1,1,1,1,1,1,8
45,319,373847,1,1,1,1,1,1,1,1,8
46,319,373847,1,1,1,1,1,1,1,1,8
47,319,373847,1,1,1,1,1,1,1,1,8
82,222,368925,1,1,1,1,1,1,1,1,8
83,222,368925,1,1,1,1,1,1,1,1,8
84,222,368925,1,1,1,1,1,1,1,1,8
85,222,368925,1,1,1,1,1,1,1,1,8
96,363,377778,1,1,1,1,1,1,1,1,8
97,363,377778,1,1,1,1,1,1,1,1,8
98,363,377778,1,1,1,1,1,1,1,1,8
125,446,353543,1,1,1,1,1,1,1,1,8
126,446,353543,1,1,1,1,1,1,1,1,8
127,446,353543,1,1,1,1,1,1,1,1,8
128,446,353543,1,1,1,1,1,1,1,1,8
129,446,353543,1,1,1,1,1,1,1,1,8
130,446,353543,1,1,1,1,1,1,1,1,8
131,446,353543,1,1,1,1,1,1,1,1,8
154,389,373865,1,1,1,1,1,1,1,1,8
155,389,373865,1,1,1,1,1,1,1,1,8
156,389,373865,1,1,1,1,1,1,1,1,8
157,389,373865,1,1,1,1,1,1,1,1,8
160,294,350441,1,1,1,1,1,1,1,1,8
161,294,350441,1,1,1,1,1,1,1,1,8
178,489,355356,1,1,1,1,1,1,1,1,8
209,536,359009,1,1,1,1,1,1,1,1,8
289,105,374739,1,1,1,1,1,1,1,1,8
329,214,361358,1,1,1,1,1,1,1,1,8
353,129,343815,1,1,1,1,1,1,1,1,8
354,129,343815,1,1,1,1,1,1,1,1,8
420,398,377717,1,1,1,1,1,1,1,1,8
474,25,366622,1,1,1,1,1,1,1,1,8
477,381,377474,1,1,1,1,1,1,1,1,8
488,554,348893,1,1,1,1,1,1,1,1,8
491,784,360244,1,1,1,1,1,1,1,1,8
492,336,378546,1,1,1,1,1,1,1,1,8
494,1012,377301,1,1,1,1,1,1,1,1,8
495,1012,377301,1,1,1,1,1,1,1,1,8
497,733,364457,1,1,1,1,1,1,1,1,8
501,412,370719,1,1,1,1,1,1,1,1,8
502,412,370719,1,1,1,1,1,1,1,1,8
503,412,370719,1,1,1,1,1,1,1,1,8
504,412,370719,1,1,1,1,1,1,1,1,8
505,46,369505,1,1,1,1,1,1,1,1,8
507,1016,377483,1,1,1,1,1,1,1,1,8
508,257,367595,1,1,1,1,1,1,1,1,8
509,257,367595,1,1,1,1,1,1,1,1,8
510,257,367595,1,1,1,1,1,1,1,1,8
511,197,376253,1,1,1,1,1,1,1,1,8
515,263,373194,1,1,1,1,1,1,1,1,8
517,334,347905,1,1,1,1,1,1,1,1,8
522,213,367159,1,1,1,1,1,1,1,1,8
526,4,368693,1,1,1,1,1,1,1,1,8
537,123,342675,1,1,1,1,1,1,1,1,8
542,150,353171,1,1,1,1,1,1,1,1,8
546,1013,377247,1,1,1,1,1,1,1,1,8
548,159,375289,1,1,1,1,1,1,1,1,8
549,245,365342,1,1,1,1,1,1,1,1,8
559,248,376290,1,1,1,1,1,1,1,1,8
560,421,377824,1,1,1,1,1,1,1,1,8
561,421,377824,1,1,1,1,1,1,1,1,8
566,199,380244,1,1,1,1,1,1,1,1,8
49,243,375760,1,1,0,1,1,1,1,1,7
53,473,365413,1,1,0,1,1,1,1,1,7
54,473,365413,1,1,0,1,1,1,1,1,7
55,473,365413,1,1,0,1,1,1,1,1,7
59,295,345620,1,1,1,1,0,1,1,1,7
68,101,379514,1,1,1,1,0,1,1,1,7
89,379,378077,1,1,0,1,1,1,1,1,7
115,497,378355,1,1,1,1,0,1,1,1,7
116,497,378355,1,1,1,1,0,1,1,1,7
117,497,378355,1,1,1,1,0,1,1,1,7
118,497,378355,1,1,1,1,0,1,1,1,7
119,497,378355,1,1,1,1,0,1,1,1,7
120,497,378355,1,1,1,1,0,1,1,1,7
121,497,378355,1,1,1,1,0,1,1,1,7
122,497,378355,1,1,1,1,0,1,1,1,7
144,311,359861,1,1,1,0,1,1,1,1,7
145,311,359861,1,1,1,0,1,1,1,1,7
146,311,359861,1,1,1,0,1,1,1,1,7
147,311,359861,1,1,1,0,1,1,1,1,7
148,311,359861,1,1,1,0,1,1,1,1,7
164,715,376079,1,1,1,0,1,1,1,1,7
165,715,376079,1,1,1,0,1,1,1,1,7
166,715,376079,1,1,1,0,1,1,1,1,7
167,715,376079,1,1,1,0,1,1,1,1,7
390,384,377003,1,1,1,1,0,1,1,1,7
415,541,370261,1,1,1,1,0,1,1,1,7
416,541,370261,1,1,1,1,0,1,1,1,7
487,374,350274,1,1,1,1,1,1,1,0,7
506,259,378535,1,1,1,1,0,1,1,1,7
512,534,366052,1,1,0,1,1,1,1,1,7
513,705,381167,1,1,1,1,1,1,1,0,7
519,171,371900,1,1,1,1,1,1,1,0,7
520,868,353836,1,1,0,1,1,1,1,1,7
524,198,377431,1,1,1,1,0,1,1,1,7
529,649,343015,1,1,0,1,1,1,1,1,7
530,649,343015,1,1,0,1,1,1,1,1,7
531,649,343015,1,1,0,1,1,1,1,1,7
532,293,354043,1,1,0,1,1,1,1,1,7
538,172,365576,1,1,1,1,0,1,1,1,7
544,1,367746,1,1,1,1,1,1,1,0,7
545,181,360750,1,1,1,1,0,1,1,1,7
551,48,378368,1,1,1,1,1,1,1,0,7
552,587,369675,1,1,1,1,1,1,1,0,7
553,1019,377326,1,1,1,1,0,1,1,1,7
554,1019,377326,1,1,1,1,0,1,1,1,7
555,1019,377326,1,1,1,1,0,1,1,1,7
563,414,364721,1,1,1,0,1,1,1,1,7
564,414,364721,1,1,1,0,1,1,1,1,7
565,1014,377210,1,1,0,1,1,1,1,1,7
567,913,360713,1,1,0,1,1,1,1,1,7
440,659,359328,1,1,0,1,0,1,1,1,6
454,740,377535,1,1,0,1,0,1,1,1,6
455,740,377535,1,1,0,1,0,1,1,1,6
456,740,377535,1,1,0,1,0,1,1,1,6
457,740,377535,1,1,0,1,0,1,1,1,6
458,740,377535,1,1,0,1,0,1,1,1,6
459,740,377535,1,1,0,1,0,1,1,1,6
460,740,377535,1,1,0,1,0,1,1,1,6
461,740,377535,1,1,0,1,0,1,1,1,6
462,740,377535,1,1,0,1,0,1,1,1,6
463,740,377535,1,1,0,1,0,1,1,1,6
464,740,377535,1,1,0,1,0,1,1,1,6
475,407,371201,1,1,1,1,1,0,1,0,6
482,820,372756,1,1,0,1,0,1,1,1,6
484,707,374493,1,1,0,1,0,1,1,1,6
485,1008,381052,1,1,1,0,0,1,1,1,6
489,149,348116,1,1,0,1,0,1,1,1,6
490,637,362154,1,1,1,0,1,1,1,0,6
493,60,357044,1,1,1,1,0,1,1,0,6
496,591,339107,1,1,1,1,0,1,1,0,6
499,237,356695,1,1,0,0,1,1,1,1,6
500,200,350080,1,1,1,1,0,1,1,0,6
518,607,360598,1,1,0,1,0,1,1,1,6
521,261,362405,1,1,1,1,0,1,1,0,6
525,203,367535,1,1,1,1,0,1,1,0,6
533,697,370868,1,1,0,1,1,1,1,0,6
534,697,370868,1,1,0,1,1,1,1,0,6
535,697,370868,1,1,0,1,1,1,1,0,6
536,697,370868,1,1,0,1,1,1,1,0,6
541,75,374143,1,1,0,1,0,1,1,1,6
543,568,352955,1,1,1,1,0,1,1,0,6
556,845,380456,1,1,0,1,1,0,1,1,6
557,165,333507,1,1,0,1,1,1,1,0,6
558,165,333507,1,1,0,1,1,1,1,0,6
562,680,355318,1,1,0,0,1,1,1,1,6
472,231,375138,1,1,1,0,1,1,0,0,5
516,26,377745,0,0,1,1,0,1,1,1,5
547,140,345786,1,1,0,1,1,0,1,0,5
100,103,366277,0,0,1,0,0,1,1,1,4
101,103,366277,0,0,1,0,0,1,1,1,4
102,103,366277,0,0,1,0,0,1,1,1,4
103,103,366277,0,0,1,0,0,1,1,1,4
476,274,355224,1,1,1,0,0,0,0,1,4
478,518,372449,1,1,0,0,0,1,1,0,4
486,487,354825,0,0,0,1,0,1,1,1,4
523,482,361231,0,0,1,1,0,1,1,0,4
539,902,372281,1,1,0,1,0,0,1,0,4
540,902,372281,1,1,0,1,0,0,1,0,4
473,654,355247,0,0,1,1,0,0,1,0,3
479,39,369852,0,0,1,0,0,1,1,0,3
480,39,369852,0,0,1,0,0,1,1,0,3
481,39,369852,0,0,1,0,0,1,1,0,3
483,145,339740,1,1,0,0,0,0,1,0,3
498,240,352272,0,0,1,0,0,1,1,0,3
527,665,340932,0,0,0,1,0,1,0,1,3
528,288,364618,0,0,1,0,0,1,1,0,3
550,997,376904,1,1,0,0,0,1,0,0,3
471,246,375405,0,0,0,0,0,0,0,1,1
514,634,369562,0,0,1,0,0,0,0,0,1
214,385,366856,0,0,0,0,0,0,0,0,0
215,385,366856,0,0,0,0,0,0,0,0,0
